143

0.000999782
0.0117811
0.0697578
0.00183543
-0.122407
-0.0975887
-0.0531817
-0.0395938
-0.0561001
-0.0808672
-0.146437
-0.0317419
-0.0930139
-0.0430326
0.0153441
-0.0730783
-0.210321
-0.119402
-0.0349954
-0.0214075
-0.0266138
-0.0900809
-0.17505
0.0187444
0.0183724
0.0108537
0.12793
-0.00499197
-0.0115345
-0.0619161
0.00209089
0.0156788
0.0052725
-0.0131946
-0.0480641
0.0687307
0.0629587
0.07284
0.0884167
-0.0207057
-0.0699482
0.0203702
0.0264772
0.0908651
0.0122588
0.0310917
-0.00457784
0.104217
0.078945
0.0375264
0.169103
0.119981
0.0338381
0.00855649
0.0438635
0.0873514
0.0176451
0.010278
-0.0794915
0.0192033
-0.0014687
-0.124587
0.0444893
-0.0350331
-0.0649756
-0.0290572
0.0579498
0.0413377
-0.0140686
-0.0283357
-0.0797052
0.0291896
0.0489176
-0.030401
0.0516756
0.0142532
-0.0422893
0.0272291
0.124336
0.090024
0.0517177
0.0306506
-0.0452189
0.102676
0.0886039
0.0221853
0.102962
0.0453395
0.000996977
0.0785154
0.130122
0.12421
0.060404
0.0207369
-0.0316326
0.0782622
0.0717902
-0.0151284
0.0985482
0.0309258
-0.00941672
0.0788017
0.128309
0.146197
0.0692903
0.0260233
-0.0338463
0.0513485
0.0276765
-0.0805421
-0.00516551
-0.0894878
-0.10753
-0.011312
0.062295
0.104083
-0.0511234
-0.0603904
-0.13796
-0.0660652
-0.0355372
-0.128256
-0.0107792
-0.0807015
-0.0820441
-0.0500257
0.0517813
0.0851692
-0.0352371
-0.0553041
-0.103374
-0.00267887
-0.00895089
-0.11477
-0.0996929
-0.0491152
-0.0857578
-0.0451394
0.0579676
0.0455555
-0.0628508
-0.0511178
-0.149287
