6.702
6.631
8.457
8.456
9.1
10.586
10.593
10.479
9.044
7.837
7.855
8.115
7.206
6.934
9.099
9.11
10.038
10.491
9.83
10.392
8.947
8.312
8.096
8.331
7.722
7.287
8.744
9.334
10.162
10.27
11.482
10.987
9.313
9.171
8.264
8.312
7.925
7.374
8.94
9.769
10.126
9.772
11.371
11.896
10.511
9.944
8.853
9.312
8.401
7.797
10.238
10.406
11.217
11.891
11.971
11.057
10.49
9.701
8.794
9.638
8.485
8.382
10.563
10.937
10.998
12.587
12.557
11.976
10.906
9.72
9.56
9.745
8.848
8.753
11.155
10.898
11.917
12.955
12.131
12.752
11.016
10.493
9.832
9.355