4007.52
5047.48
5831.1
5768.1
5747.19
5827.94
6900.84
6342.34
7328
8064.612
7273.014
13544.57
5008.32
5990.967
7465.591
7002.642
7256.926
7229.754
7645.04
7270.407
10574.93
6195.038
8008.08
14509.4
5529.68
6543.555
8482.96
6800.997
7739.32
9202.765
8157.77
8276.022
12613.79
6452.072
9647.47
13956.49
6950.739
8023.68
9877.68
8885.052
10002.83
11679.89
11347.97
11704.46
14404.88
11017.94
12645.38
11716.07
9822.378
10528.05
13799.49
11746.22
13848.38
16552.96
14789
15929.01
22224.75
12115.97
18044.63
13746.96