174

214.851
357.493
-20.0313
71.135
199.003
-76.5176
-62.3224
-196.56
91.1458
173.143
-155.82
-29.86
180.864
465.506
70.9822
129.149
159.017
33.496
84.6911
20.4537
-52.8406
28.1562
-243.806
-26.8464
94.8778
117.52
-119.004
-35.8379
-121.97
-289.49
-176.295
-370.533
-124.827
9.16979
-355.792
-174.833
65.8914
104.533
-190.991
-138.824
30.0437
-16.4768
-160.282
-48.5191
-177.813
-155.817
-292.779
-80.8193
49.905
112.547
-126.977
-91.8107
118.057
-283.463
-27.2681
401.494
-220.8
51.1969
-286.765
438.194
59.9185
179.561
-58.9634
-110.797
98.0709
-140.45
-502.255
126.508
-171.786
246.211
-125.752
-113.792
-70.0679
87.5741
-129.95
106.216
-0.915533
-207.436
135.759
269.522
-32.7728
-33.7759
-198.738
23.2215
-135.054
132.588
-197.936
175.23
119.098
-99.4225
19.7726
-94.4648
283.241
407.238
112.275
496.235
-83.0407
431.601
15.0773
-3.75641
338.112
183.591
726.786
-7.45125
54.2544
149.251
-123.711
78.2486
-11.0272
212.615
186.091
47.2572
360.125
13.6046
222.8
-215.438
174.268
282.265
129.303
454.262
-279.014
-118.372
-4.89557
-132.729
85.1388
-102.382
58.8133
-103.424
201.282
62.2784
-4.68384
296.276
-342
247.642
-180.882
-397.716
-208.848
-46.3682
341.827
-163.411
177.295
-104.708
-204.67
81.2893
-236.986
-182.344
88.1316
-155.702
-185.834
-201.355
254.84
-432.397
-46.6913
2.30555
37.3433
534.303
-657.973
-370.331
-5.85484
141.311
15.1795
-198.341
376.854
573.617
-432.678
6.31913
-77.6431
245.316
-607.959
10.6827
78.1587
239.325
-135.807
106.673
